regime,m,k_ME,nrs,omega,variable
pre_1973,1,0.8103,0.5764,0.0859,m
pre_1973,0.8103,1,0.6943,0.0032,k_ME
pre_1973,0.5764,0.6943,1,-0.4286,nrs
pre_1973,0.0859,0.0032,-0.4286,1,omega
post_1973,1,0.9752,0.9783,-0.8503,m
post_1973,0.9752,1,0.9557,-0.8149,k_ME
post_1973,0.9783,0.9557,1,-0.9055,nrs
post_1973,-0.8503,-0.8149,-0.9055,1,omega
